567212105457654598212321234810354563543243210498768987
438903012368763285103410898901243432654158910347698876
327654789879100176501543487432382561783067681256580560
012789632101290125432692576545691070892101098545671421
231076541087389034898781987036788989787012147676542334
122345980196476945109650670129867875632103456789430945
034123670145565876212340548910058921945314967856321876
965014561234014212343211237432143430876465878947816543
876343234322123303234501876543982149864566769430907632
589850105410012410176676965467801056763278054321898501
676767316788723567985983451054789012010189141010301298
521078456999854018984372102123498543112093232543212347
436789327856765121021289410321007643201120105634567856
895893210340123434980174323478912556910566234721098985
784344401205432545671065014567023467829877879870132176
601232343216901691012107893298105676734756965016540065
521001654567896782933298760153234987965645654327891256
432816789452932123821345698765430878874014788010014343
501901016321015034730436787672121969874323299890123254
667812125652106545645786712589003454565434108761230165
754321036743987012656695803491012923430018210154349874
893432345894801233567564915678143810521129871043985923
012567896785798344898433434389456745678234562345674510
123498787156787655876322101265432327879123453424563676
012210567010679896965210010877601416901032367210212987
103301498923456787856305678918976505432141098423100765
294412301801456512345414987607689801565492012332321834
785589212762387101576523401212543212870387187441458921
676678103457890234689013210363403401901236896550567010
787865432106321109543234569654012502342345303469890871
496926943215413278678129678732185619451203412378721965
345417854654504567789018765945498728760312510879639054
210501210723654298798709010876654438765459629965548123
127614329810703127601698321298723569434768738756687030
098589434969812034542583404340115678125874345645896541
787476567871220127893476519653206589068983101234765432
692334569870165256501894328704987432378234521012376101
501127658789274385410765465415852301569107652983480112
432018749654387494322345076326761019650108987876593226
501029856503498787601652189210690128743210986956784387
650012343412321894516743656323787210654325675445295698
743019456325430743010890765432654325678934584332186782
892138765016787652121991898101235434329898793201016521
898221874327896541034782567912334325610165687122567430
765430976018905434345673465876125010701034786043498921
018984985437219123454101234563016710898121095431089654
127673210128928010563232109654329823676521780312308723
034564589097637012870154518756738104589430341209419010
120123670185546321900123629349877298765421431098523087
329854765276565430410998701287650387890310522347654196
210765894345478301329865457690141456501265610456743245
305893478014389210736776398543232367432456787210890130
456782569823012389845689210012109878923345894301998221
567891054321065456764548101103456767013210765456784310
