0:
#..
##.
.##

1:
###
.##
##.

2:
###
###
#..

3:
..#
.##
###

4:
###
.#.
###

5:
###
..#
###

42x45: 51 48 40 49 56 48
40x47: 38 43 52 44 61 48
49x41: 48 45 53 62 51 51
50x44: 42 38 32 45 34 32
45x41: 46 49 42 48 51 48
50x37: 42 43 44 45 51 58
48x37: 46 57 51 33 41 44
41x36: 45 32 52 41 27 33
37x49: 51 49 42 51 38 50
45x35: 41 37 38 63 36 31
36x42: 30 38 27 44 46 46
44x35: 29 39 32 46 46 43
42x49: 37 34 43 35 36 39
40x46: 34 41 35 21 35 29
45x44: 29 37 38 39 34 33
44x39: 31 26 31 23 26 45
35x50: 44 40 50 57 30 50
47x50: 39 35 49 37 36 43
50x48: 37 38 41 42 44 54
49x35: 47 53 35 43 46 41
39x35: 23 19 22 24 28 27
50x49: 38 48 43 43 44 40
44x49: 44 31 33 38 38 40
50x39: 36 33 37 35 37 30
37x36: 23 28 23 25 19 26
37x40: 31 42 46 39 35 33
47x44: 55 45 61 47 64 46
50x50: 59 75 68 62 60 59
37x37: 41 27 30 37 36 42
47x47: 52 54 70 57 60 46
35x49: 34 28 25 33 30 25
48x44: 34 45 36 32 38 38
42x35: 43 42 37 37 34 35
40x43: 42 45 44 57 44 34
47x42: 64 40 44 59 44 58
36x44: 43 53 33 42 30 44
45x38: 27 33 28 33 25 33
42x46: 43 44 57 59 49 45
48x46: 50 58 51 64 65 51
47x46: 46 36 37 28 35 43
37x47: 34 28 28 30 35 25
42x36: 29 24 28 29 25 32
37x43: 41 37 34 40 46 47
37x36: 24 30 41 40 36 32
37x43: 56 25 44 44 35 46
41x36: 29 18 30 26 28 24
45x36: 37 44 33 47 47 41
41x50: 56 55 46 61 48 52
44x41: 49 45 38 50 57 40
47x39: 33 42 22 28 36 33
48x47: 58 60 56 62 48 64
43x43: 34 35 30 28 36 33
39x48: 58 47 52 33 49 50
40x39: 45 25 44 48 39 42
37x45: 29 24 40 22 35 29
35x46: 47 38 31 50 38 47
37x46: 46 42 52 39 39 44
50x45: 58 57 55 62 55 60
36x48: 31 50 45 48 51 38
43x41: 20 30 34 28 33 37
48x45: 38 49 34 42 36 41
49x38: 41 46 48 57 50 44
44x40: 25 37 29 27 28 35
42x47: 32 26 41 39 35 37
49x45: 62 52 59 55 59 54
48x48: 57 66 61 58 64 48
47x37: 44 48 42 47 53 34
37x39: 33 36 49 35 30 38
48x49: 70 61 66 61 56 51
39x41: 28 33 25 26 23 33
48x36: 27 35 36 27 32 34
40x50: 57 51 48 55 39 60
38x46: 46 56 42 42 44 39
41x44: 33 32 32 36 21 27
50x45: 62 59 50 61 58 58
41x43: 40 48 52 32 46 50
44x41: 41 50 51 45 44 45
50x44: 55 55 62 41 62 61
46x47: 39 43 59 55 70 62
41x45: 54 38 46 46 49 53
48x41: 32 29 45 35 36 31
37x40: 22 25 29 29 27 24
48x50: 37 41 39 40 48 50
44x43: 51 54 45 47 44 51
40x46: 27 40 26 40 29 33
43x35: 39 42 35 33 46 36
42x48: 61 41 51 58 50 53
35x46: 30 34 27 26 32 16
40x41: 35 25 28 28 22 30
35x46: 33 46 43 44 39 41
48x40: 49 56 44 51 53 43
38x44: 30 31 30 37 17 22
39x45: 33 26 36 34 31 35
41x50: 26 29 41 36 39 37
47x41: 34 36 35 33 22 34
38x35: 19 17 24 29 21 21
46x37: 32 26 32 28 31 31
35x41: 23 31 19 21 20 28
36x38: 27 39 38 32 35 37
44x36: 48 45 31 33 38 50
47x46: 59 60 59 50 48 57
42x38: 42 39 51 40 39 35
37x45: 35 25 25 31 36 28
47x41: 44 42 23 32 19 34
50x35: 45 50 45 42 47 40
45x38: 49 53 37 39 48 38
41x39: 38 34 41 53 36 45
47x44: 27 42 29 32 33 46
39x39: 46 30 38 44 39 40
44x44: 52 48 48 38 59 52
50x39: 55 63 45 58 45 37
43x49: 44 62 50 51 60 54
50x36: 41 50 38 54 45 49
35x42: 41 39 35 35 31 46
42x40: 44 41 49 42 38 45
50x39: 61 56 51 39 37 58
45x48: 58 60 63 47 50 54
46x49: 52 41 39 31 33 43
35x48: 37 52 35 36 44 52
48x49: 66 51 66 62 53 66
38x45: 38 28 35 27 27 25
44x47: 24 36 34 45 30 41
50x45: 58 55 52 74 47 63
48x49: 49 64 60 69 63 55
37x46: 42 38 60 39 46 36
41x49: 58 39 49 58 57 51
44x46: 47 53 55 57 50 49
43x41: 28 36 29 28 35 26
50x41: 57 48 48 60 44 61
37x35: 18 24 19 24 24 22
37x46: 48 48 47 34 43 42
47x50: 52 64 63 63 66 52
39x38: 36 47 35 27 45 36
40x46: 39 18 30 36 33 38
37x37: 44 41 37 38 26 28
38x47: 38 39 44 55 50 48
37x40: 22 23 31 24 28 28
45x49: 38 30 41 60 44 27
46x37: 65 42 39 41 40 41
41x45: 51 49 50 40 45 49
37x44: 38 58 36 29 42 45
39x35: 27 15 22 27 24 27
36x43: 46 39 38 39 36 42
35x35: 33 39 20 31 32 34
41x49: 38 44 47 61 55 62
49x43: 55 44 49 57 61 59
50x46: 58 67 64 52 47 65
35x37: 31 28 28 34 37 41
37x37: 17 29 27 25 28 18
45x40: 43 49 46 58 43 39
49x46: 58 65 61 44 58 59
49x47: 58 55 59 64 56 63
42x47: 33 65 52 57 41 52
42x47: 27 31 47 31 34 40
35x47: 37 45 42 42 42 44
50x43: 47 65 55 72 40 52
45x39: 30 30 40 25 27 42
40x47: 50 51 41 54 50 45
38x44: 47 47 33 44 51 37
41x38: 23 28 25 28 31 21
38x43: 32 42 48 42 37 48
46x39: 49 45 47 37 46 52
49x47: 71 68 65 46 46 60
35x39: 44 29 40 37 27 36
46x36: 33 48 38 40 48 45
42x38: 44 38 42 42 36 45
50x38: 65 58 40 47 47 40
50x36: 56 41 43 53 51 37
41x48: 45 60 35 47 62 52
36x36: 14 26 25 28 19 32
40x49: 33 41 18 41 42 33
43x44: 52 52 45 40 49 53
39x35: 33 32 39 36 27 43
46x36: 31 41 38 50 38 55
42x42: 57 45 42 38 44 48
47x48: 35 56 37 28 44 39
49x41: 61 45 46 64 48 50
40x43: 31 50 43 49 52 37
41x42: 26 27 33 33 30 33
43x50: 57 50 44 58 62 61
38x42: 30 38 36 43 59 37
43x50: 29 37 40 42 41 34
36x40: 34 33 36 36 39 43
49x40: 26 35 37 31 37 41
46x39: 57 35 49 50 35 54
47x40: 30 32 42 31 29 30
49x35: 50 39 36 44 47 50
35x42: 26 19 27 26 25 31
43x36: 41 49 37 40 33 39
43x47: 54 49 47 52 50 60
43x43: 46 44 48 44 65 37
41x45: 17 44 29 40 29 36
35x49: 35 39 55 55 38 41
39x38: 42 34 36 35 42 40
44x39: 29 28 32 36 28 29
42x36: 21 22 25 30 28 41
48x45: 55 59 56 53 61 48
35x43: 40 32 48 30 36 45
36x47: 45 47 40 36 47 45
40x46: 37 33 30 32 26 36
38x38: 20 25 22 31 23 23
45x46: 49 52 50 55 53 59
43x41: 42 47 44 48 35 55
43x49: 62 44 48 56 61 56
39x42: 50 47 34 44 45 35
38x47: 28 32 27 22 30 40
44x45: 30 38 39 32 38 33
39x49: 34 39 39 35 36 25
50x40: 39 31 27 36 32 42
36x43: 33 37 51 43 40 33
49x44: 52 68 49 63 49 51
42x37: 27 29 26 34 25 26
38x42: 49 41 39 33 56 29
38x43: 42 43 33 45 49 40
38x47: 50 55 37 52 39 44
48x50: 56 49 62 68 66 68
37x41: 21 23 24 38 29 21
45x45: 63 54 56 44 59 38
42x46: 52 58 39 48 48 53
40x38: 21 25 25 24 30 31
43x47: 57 51 59 53 43 50
45x44: 32 42 41 26 34 34
46x37: 31 23 34 36 28 27
50x38: 49 45 42 44 56 56
44x44: 35 22 36 31 34 37
44x41: 44 32 54 37 52 57
48x47: 48 59 58 62 60 58
46x44: 36 21 39 42 35 36
40x43: 38 48 43 35 54 44
50x37: 32 43 31 28 27 30
38x37: 32 25 20 21 29 17
47x38: 39 46 41 51 53 44
50x49: 51 52 73 79 59 62
49x46: 39 44 35 47 41 34
42x37: 38 33 43 41 41 43
50x44: 56 64 56 53 41 68
41x43: 42 48 49 42 44 45
39x45: 44 53 46 52 34 42
50x35: 43 45 39 44 51 47
49x41: 23 34 32 44 38 37
41x35: 26 29 21 33 18 15
40x37: 40 44 33 35 45 31
36x46: 28 32 31 29 31 28
49x45: 44 39 37 33 38 48
48x41: 60 39 45 60 54 49
49x48: 67 52 62 54 80 48
39x41: 50 42 34 50 42 32
49x40: 33 24 38 30 37 46
44x48: 37 41 31 38 32 45
40x41: 28 18 35 29 29 29
49x37: 30 31 33 36 29 32
36x37: 36 22 22 24 20 20
35x39: 30 33 43 30 34 38
35x42: 23 19 23 33 33 22
39x43: 31 45 31 43 48 57
37x37: 35 28 37 36 41 34
45x39: 36 36 31 36 27 28
38x50: 36 28 35 30 34 29
37x42: 22 28 30 29 29 30
46x49: 44 41 36 43 42 33
47x39: 47 37 55 45 55 43
47x39: 54 50 42 44 54 40
45x49: 69 63 41 64 40 67
50x45: 44 40 48 39 37 31
35x35: 19 24 24 13 18 22
39x38: 38 46 26 36 40 42
45x46: 43 33 33 30 46 40
47x36: 54 42 38 54 44 33
41x44: 22 26 29 38 35 31
36x42: 35 25 31 25 23 29
42x49: 38 42 28 41 31 43
38x39: 25 27 26 30 26 21
35x49: 52 42 39 49 46 39
50x46: 36 37 36 40 44 47
44x35: 27 29 21 20 34 23
49x50: 77 57 57 61 67 62
43x36: 26 34 23 26 29 29
47x37: 48 46 44 40 38 52
49x41: 61 62 44 44 45 55
38x38: 20 26 26 30 17 25
36x40: 39 34 44 40 29 37
38x43: 20 28 22 32 34 31
44x39: 54 32 38 70 35 42
50x40: 60 61 59 49 49 32
38x38: 27 29 26 13 28 21
43x42: 44 51 53 35 43 50
48x45: 51 65 51 54 51 59
35x46: 28 28 23 26 30 30
40x46: 45 51 57 42 44 43
43x41: 40 61 42 46 44 37
50x49: 50 56 61 79 75 55
40x35: 22 22 27 26 23 23
35x39: 18 20 22 30 19 34
48x39: 52 33 47 59 52 48
42x46: 45 39 31 44 29 21
43x46: 43 62 56 48 34 59
45x38: 34 32 26 26 33 28
48x39: 39 46 32 33 25 32
46x37: 52 47 39 46 41 40
39x47: 32 34 24 40 36 29
43x45: 39 53 60 42 59 41
40x47: 51 42 54 39 51 52
35x43: 22 33 31 31 18 19
43x43: 40 46 42 51 47 57
47x36: 44 48 39 45 45 40
43x45: 45 46 53 45 61 46
44x42: 25 40 30 31 37 33
38x46: 33 48 46 45 39 55
41x48: 46 54 50 53 43 56
39x50: 49 50 56 56 47 43
40x48: 34 33 39 32 33 36
47x41: 50 36 53 43 54 60
37x50: 48 45 38 48 49 57
40x43: 59 28 53 42 46 41
37x46: 44 48 37 41 43 49
46x50: 57 58 59 55 70 54
44x44: 65 45 51 45 37 59
46x41: 34 29 37 29 37 28
41x45: 54 46 47 53 49 38
39x40: 24 29 27 24 29 35
39x42: 30 26 29 31 35 30
49x40: 30 30 34 37 43 33
46x50: 73 57 58 58 50 62
41x48: 43 44 54 51 62 47
40x48: 34 32 39 39 41 23
40x35: 34 31 43 36 27 44
48x36: 47 40 39 51 54 37
43x40: 27 26 32 35 37 24
38x46: 40 33 47 53 53 43
49x42: 61 40 61 64 47 48
45x48: 67 55 49 56 52 57
41x44: 62 46 51 37 37 48
38x37: 26 34 36 32 34 51
40x39: 33 36 44 39 42 44
48x36: 47 47 50 37 42 43
44x41: 34 26 39 28 23 31
50x40: 46 51 60 49 49 51
40x45: 44 48 41 42 47 54
38x49: 28 37 28 40 31 28
48x36: 27 31 26 33 43 32
41x36: 46 44 35 34 44 26
38x38: 27 20 25 20 27 24
36x49: 39 48 52 45 45 41
45x35: 36 39 54 37 37 38
48x35: 41 41 42 48 50 37
50x41: 54 47 51 67 46 53
44x43: 37 28 30 43 32 26
46x47: 55 75 44 56 53 50
35x48: 29 24 34 32 34 23
45x46: 40 26 50 30 36 42
38x48: 47 54 47 47 41 45
49x39: 36 31 31 24 46 39
42x35: 39 37 34 31 44 41
36x50: 32 30 27 36 28 38
46x40: 35 45 43 42 55 59
46x46: 29 36 52 42 30 35
45x41: 37 43 54 54 58 36
44x40: 50 46 35 48 50 44
45x47: 37 39 44 38 39 28
40x43: 30 27 29 35 30 31
35x49: 44 43 43 51 39 45
49x46: 55 70 51 71 52 49
40x47: 27 33 35 31 32 37
37x43: 41 28 31 22 20 26
42x49: 29 42 36 39 38 40
35x48: 28 29 33 21 40 24
48x36: 49 41 44 47 35 52
39x50: 44 58 45 47 42 62
46x45: 64 61 46 60 48 44
44x41: 48 43 47 37 55 47
48x43: 51 43 61 50 51 61
37x41: 44 37 42 32 37 42
43x44: 46 50 32 66 54 45
48x48: 42 36 43 45 37 53
41x40: 29 31 25 25 32 27
48x40: 51 47 48 54 47 50
45x50: 54 62 52 62 59 57
50x40: 57 58 45 55 51 44
41x50: 29 27 37 38 44 33
41x37: 20 22 33 22 24 34
49x49: 69 70 58 49 54 70
38x46: 31 35 24 35 27 28
39x41: 48 46 34 40 43 37
38x42: 32 50 48 32 36 44
42x44: 50 47 53 44 51 40
41x49: 32 26 34 33 44 39
49x49: 35 41 50 40 45 45
46x44: 37 30 41 32 35 34
40x50: 29 36 30 48 32 32
50x40: 55 49 44 58 57 47
44x37: 30 22 31 30 29 26
43x49: 59 59 57 49 54 47
49x37: 42 48 46 55 48 40
40x42: 53 37 53 40 46 32
44x47: 64 46 47 57 53 55
42x36: 30 38 32 44 46 41
49x49: 51 58 77 58 56 66
44x44: 40 61 55 41 56 41
35x49: 37 41 45 43 45 51
39x38: 41 30 41 43 33 42
44x44: 47 49 49 47 50 55
45x43: 45 55 53 44 49 50
44x47: 48 58 55 46 58 51
40x35: 31 32 37 41 35 39
48x43: 43 46 24 32 43 36
37x42: 35 33 40 39 44 47
47x45: 62 46 55 42 53 68
38x50: 51 43 56 40 48 54
42x38: 36 50 40 46 34 39
35x40: 21 28 23 21 24 26
37x49: 54 48 41 44 34 60
40x42: 26 27 29 36 25 39
39x39: 28 31 21 24 39 26
44x36: 40 42 42 50 28 43
37x48: 51 45 35 53 44 48
46x39: 46 48 45 38 50 48
43x44: 51 34 46 40 68 52
35x42: 43 33 43 38 30 41
38x49: 42 50 47 48 48 50
44x50: 53 57 54 52 51 70
37x45: 36 39 35 45 46 54
47x50: 63 69 56 57 54 63
35x41: 37 30 43 35 40 36
35x47: 34 24 26 19 31 30
37x48: 34 32 33 33 35 24
38x35: 18 25 26 20 20 22
46x35: 24 22 31 34 29 25
40x41: 29 25 31 30 26 27
35x44: 40 40 47 51 30 31
39x50: 51 54 49 47 42 57
49x45: 56 42 67 46 65 62
49x48: 60 63 56 68 69 47
41x39: 40 39 45 41 43 38
49x39: 30 38 36 49 37 18
48x47: 35 40 42 46 41 35
36x36: 45 30 29 32 40 27
46x44: 47 50 56 56 51 51
43x35: 32 41 46 38 30 43
36x41: 57 40 34 39 32 31
37x37: 31 32 36 36 34 41
37x48: 41 45 47 45 54 40
36x47: 47 46 37 46 42 44
43x35: 36 47 35 39 31 43
45x50: 65 58 58 62 48 58
39x42: 35 44 43 46 44 39
42x37: 19 30 35 38 24 22
49x46: 59 55 44 62 64 64
37x45: 33 28 29 29 34 26
44x43: 65 43 39 48 60 41
35x49: 39 33 42 46 48 55
38x38: 29 39 35 42 42 34
38x46: 45 42 47 44 51 40
48x49: 39 38 52 47 38 42
39x44: 40 44 49 51 47 33
39x44: 41 50 31 47 44 51
45x46: 36 42 39 35 38 34
45x45: 46 51 49 64 52 50
39x43: 33 31 29 32 21 35
40x46: 47 46 55 52 47 37
46x41: 61 54 51 49 35 44
46x35: 33 22 31 20 27 32
47x50: 57 59 64 55 60 65
49x41: 48 62 45 56 46 52
39x37: 41 29 33 40 40 41
43x35: 40 39 44 43 36 31
38x46: 56 46 45 50 37 39
46x37: 52 48 39 41 41 43
39x48: 36 30 41 33 34 34
35x37: 20 20 21 28 19 24
39x36: 25 27 25 28 26 25
46x38: 45 53 44 43 45 39
38x39: 37 40 33 32 42 43
35x37: 20 28 18 24 20 21
36x50: 54 43 41 50 50 42
38x47: 46 50 45 52 47 36
46x39: 37 62 30 41 47 56
35x50: 28 36 18 31 29 34
48x36: 39 46 51 53 41 36
38x48: 31 28 30 41 33 29
49x50: 41 46 46 50 32 41
36x49: 57 45 41 38 49 44
50x41: 62 48 68 36 48 54
37x50: 54 42 54 36 40 59
43x41: 41 47 44 37 45 55
46x45: 28 50 42 40 35 30
38x47: 42 47 40 46 58 41
46x44: 65 55 55 42 50 47
36x49: 36 28 24 31 32 40
40x49: 54 50 47 45 47 59
45x43: 38 36 37 33 34 31
39x36: 32 39 41 41 36 27
48x50: 49 70 63 56 67 60
50x50: 63 72 52 74 54 71
45x39: 49 40 66 41 35 40
47x50: 65 57 55 60 62 64
40x44: 42 45 42 44 48 49
35x47: 40 46 41 44 42 40
46x49: 52 57 62 49 56 68
44x36: 38 38 50 46 40 32
41x38: 28 17 36 20 29 26
36x35: 23 24 16 22 17 29
44x41: 55 42 38 44 43 58
49x50: 65 66 65 64 55 63
48x37: 20 40 36 37 29 30
47x49: 68 57 54 50 65 62
37x42: 24 37 21 32 26 28
39x48: 56 54 48 44 36 52
36x36: 20 20 30 24 25 24
38x37: 31 29 27 21 17 18
44x39: 28 36 26 32 31 28
43x35: 41 36 40 43 33 40
36x43: 31 28 30 28 24 26
38x45: 18 27 26 22 37 49
45x39: 31 34 29 34 38 28
36x49: 35 28 29 38 32 29
40x46: 44 46 43 45 50 54
39x48: 51 50 41 48 56 43
36x47: 42 40 41 55 41 43
38x49: 42 38 26 28 32 25
45x42: 42 32 38 33 25 39
49x48: 64 52 65 60 63 59
37x50: 42 53 40 51 48 50
42x37: 21 27 26 35 31 28
50x49: 66 64 61 56 71 59
38x46: 45 53 50 42 45 34
35x43: 34 35 28 20 22 15
39x49: 26 33 39 38 34 37
38x49: 46 39 56 47 58 40
36x39: 27 27 26 32 19 24
45x47: 55 55 57 49 46 63
39x50: 44 48 52 47 52 55
40x44: 61 40 41 41 43 49
42x39: 34 43 36 56 37 46
46x44: 53 48 53 51 55 52
39x46: 44 48 34 40 61 48
41x39: 25 26 34 23 31 29
47x50: 39 43 46 32 42 37
36x40: 36 37 49 33 34 32
35x38: 37 25 35 35 36 38
36x42: 31 27 28 27 28 26
37x48: 37 45 53 51 45 41
49x46: 66 55 63 48 57 59
46x35: 43 41 39 39 46 40
50x48: 55 73 73 56 54 56
39x50: 36 38 37 33 34 29
40x35: 27 22 21 22 28 23
37x50: 39 32 34 27 18 41
49x41: 63 51 55 48 45 50
42x41: 46 44 47 38 36 54
50x50: 46 26 43 46 50 44
43x41: 32 33 26 28 27 35
45x42: 43 38 33 33 35 27
45x40: 56 39 36 54 46 50
43x49: 41 39 67 62 62 51
45x39: 27 30 22 29 39 48
37x43: 35 23 33 23 25 28
43x42: 39 32 36 31 22 36
48x45: 49 37 35 44 31 43
41x44: 42 51 48 42 48 45
44x44: 42 47 50 44 47 65
40x49: 37 38 28 34 33 37
39x47: 37 30 37 30 33 28
50x39: 25 34 35 43 34 37
47x42: 29 38 31 35 37 40
38x48: 41 43 47 51 52 46
40x46: 46 62 34 55 46 41
41x39: 32 28 24 21 33 30
46x42: 45 52 46 55 43 56
43x45: 36 33 38 44 25 33
50x38: 31 26 35 39 33 28
47x49: 66 54 62 47 62 64
37x49: 49 44 44 54 47 43
44x45: 35 37 37 26 31 44
46x44: 36 67 54 52 51 47
35x41: 31 42 36 33 39 38
44x43: 49 52 51 45 41 53
41x37: 34 38 31 38 45 46
50x49: 75 57 57 65 60 67
49x46: 35 42 37 44 44 38
40x49: 60 43 49 45 53 54
40x50: 31 29 39 38 36 34
45x41: 44 43 46 45 62 43
38x38: 33 43 37 41 36 32
45x38: 52 43 45 33 40 51
38x43: 29 37 21 26 29 25
35x40: 25 21 28 23 23 23
40x41: 44 44 46 42 42 35
37x37: 35 35 36 42 25 39
41x45: 54 40 49 41 42 59
35x50: 46 47 44 46 40 47
41x36: 25 24 25 22 30 29
48x36: 34 28 35 29 36 29
45x37: 46 49 42 39 44 37
44x46: 39 31 34 34 32 40
43x37: 41 45 41 39 40 39
41x36: 35 26 27 26 20 21
45x35: 39 47 39 38 43 36
46x42: 54 50 50 38 47 58
47x37: 41 40 36 47 51 52
39x41: 37 41 41 41 37 48
46x42: 50 55 51 52 47 43
47x36: 51 42 29 45 54 42
41x45: 23 28 34 32 35 43
38x45: 44 37 43 41 41 57
41x35: 38 36 32 42 40 34
40x36: 42 28 31 41 30 52
49x50: 77 54 53 60 78 59
48x41: 49 50 46 52 51 55
35x37: 27 13 25 19 24 24
36x49: 39 41 51 60 42 39
37x42: 30 29 32 26 25 26
41x37: 44 33 34 46 31 48
45x50: 49 56 63 71 56 51
35x36: 21 18 24 22 21 26
43x45: 32 35 33 37 43 30
49x35: 24 32 24 36 31 29
45x48: 32 38 53 47 35 35
39x36: 44 42 31 26 37 37
48x40: 44 28 34 33 37 32
38x35: 21 26 20 24 26 15
50x43: 30 35 26 48 46 39
50x40: 48 30 27 35 28 39
37x41: 38 37 41 35 41 41
40x47: 40 36 36 24 24 34
41x37: 30 27 21 29 25 23
38x35: 29 19 17 17 26 23
45x43: 37 42 38 24 33 35
40x39: 39 43 42 40 31 45
36x50: 43 50 48 45 42 48
36x37: 28 37 35 38 34 32
50x45: 69 48 65 59 51 58
42x43: 33 29 32 39 28 35
44x47: 57 52 58 55 43 55
38x45: 27 44 46 46 45 51
45x50: 40 39 53 39 35 33
42x35: 40 34 37 43 38 36
50x36: 38 49 51 53 44 41
38x50: 48 46 53 47 49 49
45x40: 37 26 36 28 31 37
48x39: 53 63 39 43 39 52
39x35: 28 38 33 32 44 33
39x46: 53 46 42 57 36 46
40x47: 51 50 54 46 41 48
47x45: 56 50 56 47 65 51
41x36: 22 24 19 38 30 22
39x39: 33 46 37 29 44 42
35x42: 29 42 35 38 40 40
39x35: 21 22 29 26 22 22
38x44: 31 33 20 33 31 20
43x40: 35 40 49 41 44 53
37x49: 34 26 31 35 30 36
36x37: 31 31 39 32 34 37
41x43: 47 49 52 38 41 44
49x36: 23 34 33 34 32 36
38x39: 35 40 36 29 44 42
46x44: 51 48 61 63 46 44
46x36: 44 31 48 45 46 42
41x38: 32 51 37 42 38 38
49x44: 47 42 33 33 28 40
44x39: 31 26 36 29 33 26
49x38: 38 55 50 48 40 53
43x46: 54 47 56 54 50 45
39x41: 32 45 46 44 36 41
38x49: 33 28 36 37 31 26
49x45: 34 39 43 40 32 51
40x37: 36 47 40 34 38 32
36x45: 47 45 39 41 38 41
46x39: 42 47 54 44 45 43
43x40: 44 40 47 39 47 47
48x41: 42 54 46 60 61 39
44x42: 45 46 49 48 37 59
48x38: 33 24 39 35 26 34
50x46: 69 63 55 58 46 66
47x36: 43 45 36 46 45 46
46x40: 28 29 34 38 36 30
35x45: 19 22 35 24 35 30
41x42: 46 42 49 45 33 51
46x42: 54 47 51 44 46 56
46x39: 34 35 31 32 27 35
43x41: 48 45 35 50 54 41
35x41: 27 18 25 21 22 30
46x44: 46 56 46 52 55 55
47x36: 48 39 49 45 36 45
39x41: 26 32 26 29 24 32
46x41: 44 56 48 47 42 52
49x49: 61 66 49 58 69 66
47x37: 25 28 36 22 28 41
43x41: 51 37 37 45 50 53
46x39: 49 49 37 45 57 40
37x39: 25 27 28 21 31 23
46x35: 23 25 25 23 30 38
43x37: 32 38 19 28 26 24
35x47: 33 26 24 31 27 23
36x43: 29 42 39 43 34 49
37x46: 32 35 33 35 20 25
41x42: 34 38 42 49 52 48
44x41: 38 50 49 43 42 53
35x41: 18 21 28 28 26 22
36x36: 19 22 27 34 15 26
42x44: 29 32 34 31 38 31
40x44: 28 29 39 23 35 27
38x39: 34 37 47 37 40 32
39x38: 38 23 18 32 24 21
46x35: 50 38 35 38 46 43
41x47: 51 45 51 41 56 52
35x45: 31 23 34 25 23 29
41x40: 40 40 51 43 40 38
42x36: 25 33 36 24 16 34
49x44: 33 38 40 36 40 36
37x45: 38 33 46 43 54 41
45x39: 40 38 25 35 28 28
39x36: 35 29 43 37 35 37
50x45: 50 62 53 57 59 63
45x38: 35 28 26 25 39 26
46x37: 16 28 30 40 38 28
49x47: 46 46 32 31 40 45
40x47: 56 58 45 36 51 44
48x43: 38 28 29 49 36 43
49x48: 61 67 47 64 63 61
41x40: 32 49 50 45 41 33
50x46: 39 47 36 33 37 47
43x40: 30 27 34 32 24 34
48x44: 48 52 50 71 52 53
40x48: 35 33 31 41 32 35
42x44: 43 27 33 31 26 35
46x50: 64 60 54 68 54 57
39x46: 51 54 51 42 48 31
44x45: 49 60 46 54 38 58
49x37: 46 48 57 47 38 43
39x35: 25 21 26 31 22 18
44x47: 39 33 42 29 34 32
42x35: 37 41 41 28 35 43
40x43: 47 42 51 52 34 41
44x46: 34 42 34 27 34 38
48x39: 48 47 47 39 47 59
50x48: 61 63 75 44 69 55
41x47: 27 26 40 36 32 33
36x49: 31 26 30 31 39 34
44x37: 45 51 37 44 41 34
44x48: 52 50 50 56 56 61
37x44: 24 25 21 33 34 31
50x39: 61 51 54 48 40 49
42x46: 46 44 49 54 48 56
35x43: 34 46 39 36 37 38
50x40: 37 36 32 34 37 31
36x42: 38 29 21 30 28 21
44x48: 47 30 38 40 33 36
50x35: 45 42 51 42 42 47
47x40: 27 25 33 35 39 35
41x41: 39 52 32 44 48 43
39x44: 39 52 45 46 36 45
39x50: 35 38 30 36 35 33
44x39: 41 49 40 55 42 38
36x44: 52 32 36 52 35 42
36x36: 35 35 34 33 34 29
37x36: 37 25 23 20 17 21
49x39: 51 41 46 64 42 53
42x46: 47 50 45 52 48 55
39x42: 34 38 29 30 27 23
38x35: 29 40 33 38 31 33
44x39: 30 32 23 26 39 31
39x42: 34 49 38 41 42 46
45x39: 52 46 53 49 46 27
46x49: 70 57 52 53 54 64
43x37: 38 41 45 46 49 26
50x41: 33 29 38 38 39 30
47x47: 54 59 53 62 57 55
42x47: 35 30 33 40 35 36
44x40: 32 26 29 27 29 38
39x35: 21 25 26 24 24 23
40x38: 41 28 35 33 47 50
45x49: 51 57 68 71 44 49
49x40: 57 49 48 52 52 46
38x47: 39 20 25 26 36 34
36x40: 28 24 21 25 30 28
43x48: 35 36 37 39 37 40
36x42: 39 44 32 40 30 48
44x47: 38 39 34 36 33 30
44x47: 45 58 55 51 49 58
35x43: 34 31 52 43 38 33
40x45: 37 37 31 22 41 27
50x40: 49 57 55 42 55 48
40x45: 41 43 50 41 48 52
40x39: 43 35 40 47 36 41
49x48: 48 62 62 78 61 50
50x38: 46 40 50 44 56 55
49x35: 54 48 38 51 39 38
49x37: 23 37 26 35 36 34
49x49: 57 63 59 67 70 53
40x35: 42 22 36 39 39 40
36x48: 27 29 26 32 40 37
43x39: 47 40 35 47 46 45
47x36: 44 45 39 38 49 45
42x39: 39 49 39 39 40 45
43x49: 53 52 51 54 57 57
45x42: 31 34 32 35 34 44
39x36: 42 33 35 37 41 30
50x42: 43 27 41 42 35 35
46x41: 48 45 52 53 43 50
48x37: 40 25 24 35 38 29
50x48: 53 75 67 47 69 54
38x49: 38 34 24 38 28 29
49x47: 41 39 38 47 40 34
36x41: 36 39 38 38 30 46
40x37: 29 14 24 25 25 38
45x42: 29 38 36 36 38 32
42x39: 32 30 31 31 30 27
50x38: 23 38 32 33 42 24
40x47: 33 42 30 34 29 27
37x42: 36 44 39 46 35 39
38x43: 40 41 53 41 40 36
35x40: 43 28 35 44 40 29
47x36: 31 27 27 27 32 36
36x48: 37 40 47 43 44 53
37x43: 23 31 32 32 26 24
38x47: 24 27 35 24 31 38
46x41: 52 36 49 45 49 60
39x48: 44 34 36 33 29 32
46x42: 38 34 33 36 33 36
46x49: 55 54 62 49 66 59
44x47: 57 56 64 41 55 45
39x36: 34 34 35 38 38 37
49x44: 32 28 33 42 45 44
42x48: 61 44 54 44 56 53
50x36: 53 49 55 44 41 37
50x35: 50 46 46 38 45 45
39x45: 50 36 53 46 42 45
37x36: 35 32 35 37 31 36
39x47: 37 38 51 58 49 48
40x35: 29 19 31 16 23 24
41x47: 57 50 52 44 52 43
49x37: 31 28 35 33 27 37
36x49: 45 32 39 61 46 51
45x45: 65 61 43 48 48 50
38x43: 28 23 31 27 30 29
45x49: 61 63 67 57 42 51
47x41: 42 58 40 45 58 51
43x46: 51 52 46 61 59 37
36x38: 23 32 27 23 20 19
39x37: 50 32 33 24 49 36
35x46: 27 23 28 29 24 33
45x35: 43 42 36 44 47 32
45x37: 48 43 45 51 32 40
40x38: 24 22 31 32 28 19
38x35: 26 24 17 23 23 18
38x45: 43 36 50 43 45 46
37x35: 34 37 35 21 30 41
38x35: 29 33 38 44 34 27
40x46: 44 39 54 50 47 49
46x47: 42 36 39 32 43 33
42x39: 38 22 28 28 27 39
41x41: 18 37 27 28 26 33
43x42: 50 39 43 52 51 45
50x50: 65 55 72 55 66 71
36x42: 40 36 37 36 41 43
35x44: 29 25 20 31 29 19
47x50: 64 58 63 61 64 53
45x50: 69 61 62 45 52 59
43x50: 30 32 34 35 47 45
43x47: 50 58 43 55 49 56
39x45: 25 38 39 29 24 40
40x50: 43 34 39 37 35 19
42x49: 49 54 53 47 62 50
42x39: 47 49 33 37 49 38
38x46: 42 45 29 42 52 58
45x44: 32 36 37 33 38 33
48x36: 30 38 24 38 30 32
46x50: 36 64 60 70 63 56
50x38: 41 26 27 39 34 25
48x36: 40 48 53 38 43 42
39x43: 26 20 34 31 33 37
48x46: 47 41 30 39 40 43
43x50: 38 42 28 40 40 35
36x41: 25 18 25 20 33 34
41x42: 40 49 44 44 41 46
36x38: 44 33 32 33 37 34
46x40: 51 54 35 50 52 43
49x48: 42 49 47 37 29 51
37x49: 31 31 33 34 31 32
48x49: 34 47 35 43 49 48
42x43: 44 35 64 43 46 45
46x40: 33 28 39 38 30 26
38x38: 32 39 38 38 32 42
46x35: 27 25 21 28 39 25
44x38: 32 34 41 48 52 48
38x50: 35 49 59 45 44 56
48x48: 47 47 41 34 51 35
45x41: 64 38 38 41 52 55
46x38: 24 32 36 31 27 29
49x39: 49 27 32 29 38 32
50x48: 57 59 60 54 65 72
40x38: 24 32 26 20 20 34
41x46: 44 57 50 40 44 53
37x41: 52 42 34 29 42 37
39x37: 23 28 23 27 31 23
50x46: 48 44 40 31 40 37
39x43: 26 19 40 30 30 37
36x37: 28 36 35 39 31 35
45x42: 44 37 27 32 34 36
37x45: 45 31 50 36 49 45
42x36: 35 43 28 41 43 42
40x50: 63 44 38 56 56 55
40x40: 47 39 37 39 42 44
41x39: 40 31 29 19 24 25
43x35: 35 46 34 40 36 40
40x45: 24 39 35 30 41 25
47x40: 40 46 54 47 56 44
40x41: 43 49 33 50 36 43
47x40: 40 32 34 22 30 37
42x49: 46 56 62 47 60 43
43x35: 29 27 27 26 19 25
38x42: 40 40 39 43 42 42
35x38: 27 38 33 34 38 33
41x38: 30 23 21 29 22 30
36x44: 23 37 29 26 26 27
40x44: 26 22 35 32 33 33
47x35: 49 47 51 32 37 38
38x36: 38 39 30 25 43 35
44x43: 47 55 57 50 46 36
36x50: 31 34 29 31 34 32
48x49: 64 57 49 67 69 58
48x40: 39 29 29 36 36 39
47x42: 35 33 37 34 38 33
40x46: 53 46 43 68 48 30
50x41: 42 36 38 34 29 28
37x50: 31 39 38 27 26 30
42x46: 31 37 38 33 34 37
48x45: 29 50 37 41 36 47
37x46: 48 44 44 40 45 42
50x47: 52 62 66 51 55 72
40x50: 41 28 40 32 31 36
40x39: 30 29 26 23 25 35
46x36: 48 43 42 53 44 28
44x37: 26 23 34 29 25 30
45x42: 43 35 29 35 26 41
46x37: 50 47 46 36 46 38
39x45: 46 37 49 48 46 45
38x35: 14 24 20 26 24 24
45x44: 31 34 39 33 35 37
41x46: 38 44 50 58 51 48
37x38: 30 40 33 43 36 34
41x36: 36 47 32 33 35 43
50x39: 53 51 46 50 55 46
45x38: 32 26 31 23 32 35
50x44: 40 36 31 33 36 47
39x38: 19 32 25 16 35 28
49x48: 47 25 53 50 42 38
37x38: 31 26 15 28 21 22
44x43: 38 47 62 39 46 55
50x50: 44 58 74 57 85 60
36x35: 32 34 27 32 34 35
46x36: 44 42 41 31 49 47
49x45: 44 56 54 63 51 69
49x46: 52 62 43 68 58 64
46x49: 45 37 36 37 39 45
43x42: 30 32 40 30 26 38
44x49: 46 62 57 53 56 55
39x39: 25 35 30 18 32 28
48x45: 41 46 63 74 43 64
50x45: 55 62 63 53 47 65
39x36: 47 34 30 40 33 36
41x42: 28 26 28 27 42 30
36x39: 30 24 25 25 27 25
35x46: 21 29 29 29 27 30
49x45: 53 62 57 47 55 63
37x44: 22 25 26 33 26 36
37x40: 32 27 25 24 20 27
36x38: 30 27 32 46 36 40
40x42: 46 42 39 54 44 36
44x45: 54 38 57 58 53 47
46x39: 45 27 27 29 27 39
45x42: 36 39 37 34 27 37
49x40: 26 45 26 38 44 28
44x38: 21 26 24 30 34 33
45x45: 47 53 49 50 55 56
48x38: 49 51 42 43 49 47
36x40: 25 26 36 15 26 27
47x38: 44 31 48 43 53 55
46x35: 22 34 29 20 35 24
35x50: 58 47 41 42 41 44
41x40: 26 27 27 29 31 29
49x43: 39 31 41 31 28 53
37x44: 42 40 34 51 41 44
46x44: 40 42 67 63 38 60
37x37: 26 43 28 33 38 40
47x37: 28 49 45 37 56 47
44x46: 67 60 46 39 44 58
45x35: 36 38 56 46 28 38
47x50: 50 73 61 53 56 65
38x46: 27 31 37 33 28 24
41x40: 47 40 38 42 38 49
37x49: 37 31 38 29 30 26
35x46: 35 38 31 54 46 44
42x40: 28 27 35 32 29 31
46x42: 32 33 29 26 44 46
37x49: 28 34 38 32 32 27
41x36: 39 39 36 39 37 38
46x47: 39 40 42 26 47 31
41x36: 30 20 23 24 27 32
40x38: 45 33 33 32 47 45
