98026,50027
98026,51253
98365,51253
98365,52482
98403,52482
98403,53637
97409,53637
97409,54895
97872,54895
97872,56084
97561,56084
97561,57312
97555,57312
97555,58535
97467,58535
97467,59648
96817,59648
96817,60876
96748,60876
96748,61950
96046,61950
96046,63257
96232,63257
96232,64484
96072,64484
96072,65525
95336,65525
95336,66763
95183,66763
95183,67826
94554,67826
94554,68859
93879,68859
93879,70016
93498,70016
93498,71138
93030,71138
93030,72370
92767,72370
92767,73556
92384,73556
92384,74475
91524,74475
91524,75412
90719,75412
90719,76223
89739,76223
89739,77350
89247,77350
89247,78270
88453,78270
88453,79268
87767,79268
87767,80557
87432,80557
87432,81020
86092,81020
86092,82200
85599,82200
85599,83322
85015,83322
85015,83942
83903,83942
83903,85123
83349,85123
83349,85282
81840,85282
81840,86670
81444,86670
81444,87034
80162,87034
80162,88228
79556,88228
79556,88483
78225,88483
78225,89709
77605,89709
77605,89775
76181,89775
76181,90813
75407,90813
75407,91095
74160,91095
74160,91983
73271,91983
73271,92633
72239,92633
72239,92763
70946,92763
70946,93977
70176,93977
70176,94375
69013,94375
69013,94971
67934,94971
67934,95187
66706,95187
66706,95210
65424,95210
65424,95831
64350,95831
64350,95872
63097,95872
63097,96281
61955,96281
61955,96931
60862,96931
60862,96789
59587,96789
59587,97666
58515,97666
58515,97328
57222,97328
57222,97547
56028,97547
56028,97495
54802,97495
54802,98146
53638,98146
53638,98203
52417,98203
52417,97552
51177,97552
51177,98186
49972,98186
49972,98008
48756,98008
48756,97584
47559,97584
47559,97837
46329,97837
46329,97738
45117,97738
45117,97374
43938,97374
43938,97128
42752,97128
42752,97602
41440,97602
41440,97498
40210,97498
40210,96673
39141,96673
39141,96852
37840,96852
37840,96487
36669,96487
36669,95864
35581,95864
35581,95852
34297,95852
34297,94765
33391,94765
33391,94491
32198,94491
32198,93698
31217,93698
31217,93860
29816,93860
29816,93190
28783,93190
28783,92866
27577,92866
27577,92007
26652,92007
26652,90944
25865,90944
25865,90955
24439,90955
24439,90151
23504,90151
23504,89123
22735,89123
22735,88454
21728,88454
21728,87576
20879,87576
20879,87301
19549,87301
19549,86675
18478,86675
18478,85344
18031,85344
18031,84852
16832,84852
16832,83805
16155,83805
16155,82982
15262,82982
15262,82389
14108,82389
14108,81552
13203,81552
13203,80251
12856,80251
12856,79075
12392,79075
12392,78444
11217,78444
11217,77176
10906,77176
10906,76628
9545,76628
9545,75215
9493,75215
9493,74353
8575,74353
8575,73378
7822,73378
7822,72230
7382,72230
7382,71271
6572,71271
6572,70075
6242,70075
6242,68791
6141,68791
6141,67703
5606,67703
5606,66605
5086,66605
5086,65528
4484,65528
4484,64409
3981,64409
3981,63291
3449,63291
3449,62077
3246,62077
3246,60872
3026,60872
3026,59726
2531,59726
2531,58459
2646,58459
2646,57232
2611,57232
2611,56068
2137,56068
2137,54782
2704,54782
2704,53581
2618,53581
2618,52398
2158,52398
2158,51184
2171,51184
2171,50025
94870,50025
94870,48753
1878,48753
1878,47556
2359,47556
2359,46326
2118,46326
2118,45124
2329,45124
2329,43949
2710,43949
2710,42653
2227,42653
2227,41467
2549,41467
2549,40246
2673,40246
2673,39173
3466,39173
3466,37914
3433,37914
3433,36758
3822,36758
3822,35682
4457,35682
4457,34395
4433,34395
4433,33260
4880,33260
4880,32348
5884,32348
5884,31225
6319,31225
6319,30039
6622,30039
6622,28616
6469,28616
6469,27616
7207,27616
7207,26739
8148,26739
8148,25861
9047,25861
9047,24603
9307,24603
9307,23624
10029,23624
10029,22581
10654,22581
10654,21826
11678,21826
11678,20461
11883,20461
11883,19550
12700,19550
12700,18903
13819,18903
13819,17793
14393,17793
14393,16787
15099,16787
15099,16084
16123,16084
16123,15160
16920,15160
16920,14282
17767,14282
17767,13625
18809,13625
18809,12884
19771,12884
19771,12282
20839,12282
20839,11419
21703,11419
21703,10452
22507,10452
22507,10235
23825,10235
23825,9407
24730,9407
24730,8800
25778,8800
25778,8133
26793,8133
26793,7776
27974,7776
27974,7287
29078,7287
29078,6249
29928,6249
29928,5600
30976,5600
30976,5413
32219,5413
32219,4555
33198,4555
33198,4770
34568,4770
34568,4369
35711,4369
35711,3989
36863,3989
36863,3755
38054,3755
38054,3424
39219,3424
39219,2942
40357,2942
40357,2365
41490,2365
41490,2857
42805,2857
42805,2747
44009,2747
44009,1903
45136,1903
45136,1765
46354,1765
46354,2387
47612,2387
47612,2102
48813,2102
48813,2253
50027,2253
50027,2110
51240,2110
51240,2144
52454,2144
52454,1679
53707,1679
53707,2683
54838,2683
54838,2329
56098,2329
56098,2322
57331,2322
57331,3242
58407,3242
58407,3387
59606,3387
59606,3052
60922,3052
60922,3312
62116,3312
62116,4016
63185,4016
63185,4491
64306,4491
64306,4385
65620,4385
65620,5306
66581,5306
66581,5285
67890,5285
67890,5972
68923,5972
68923,6552
69992,6552
69992,6718
71260,6718
71260,7320
72324,7320
72324,8457
73088,8457
73088,8855
74251,8855
74251,9522
75261,9522
75261,9598
76659,9598
76659,10296
77667,10296
77667,10969
78695,10969
78695,12105
79367,12105
79367,12462
80643,12462
80643,13392
81463,13392
81463,14182
82396,14182
82396,15234
83084,15234
83084,15900
84138,15900
84138,16845
84918,16845
84918,17796
85685,17796
85685,18498
86737,18498
86737,19472
87482,19472
87482,20670
87934,20670
87934,21884
88333,21884
88333,22737
89216,22737
89216,23483
90284,23483
90284,24785
90503,24785
90503,25470
91723,25470
91723,26874
91720,26874
91720,27836
92489,27836
92489,28712
93460,28712
93460,29889
93834,29889
93834,31170
93948,31170
93948,32123
94825,32123
94825,33261
95273,33261
95273,34507
95409,34507
95409,35526
96222,35526
96222,36695
96597,36695
96597,37909
96807,37909
96807,39280
96312,39280
96312,40295
97361,40295
97361,41538
97366,41538
97366,42722
97687,42722
97687,43920
97951,43920
97951,45195
97510,45195
97510,46348
98307,46348
98307,47579
98280,47579
98280,48805
98239,48805
98239,50027
